2
3
4
5
6
7
8
9
10
11
12
13
14
15
16
17
18
19
20
21
22
23
24
25
26
27
28
29
30
31
32
33
34
35
36
37
38
39
40
41
42
43
44
45
46
47
48
49
50
51
52
53
54
55
56
57
58
59
60
61
62
63
64
65
66
67
68
69
70
71
72
73
74
75
76
77
78
79
80
81
82
83
84
85
86
87
88
89
90
91
92
93
94
95
96
97
98
99
100
101
102
103
104
105
106
107
108
109
110
111
112
113
114
115
116
117
118
119
120
121
122
123
124
125
126
127
128
129
130
131
132
133
134
135
136
137
138
157
159
163
164
165
166
167
168
169
170
171
172
173
174
175
176
177
178
179
180
182
183
184
185
186
187
188
189
190
191
192
193
194
195
196
197
198
199
200
201
202
203
204
205
206
207
208
209
210
211
212
213
214
215
216
217
218
219
220
221
222
223
224
225
226
227
228
229
230
231
232
233
234
235
236
237
238
239
240
241
242
243
244
245
246
247
248
249
250
251
252
253
254
255
256
257
258
259
260
261
262
263
264
265
266
267
268
269
270
271
272
273
274
275
276
277
278
279
280
281
282
283
284
285
286
287
288
289
290
291
292
293
294
295
296
297
298
299
300
301
302
303
304
305
306
307
308
309
310
311
312
313
314
315
316
317
318
319
320
321
322
323
324
326
327
328
329
330
331
332
333
334
335
336
337
338
339
340
341
342
361
534
545
587
588
589
590
591
592
593
594
595
596
597
598
599
600
601
602
603
604
605
606
607
608
609
610
611
612
613
614
615
616
650
651
652
653
655
656
657
658
659
660
661
664
665
666
667
668
669
670
671
672
675
676
677
678
679
680
681
682
683
684
685
686
687
688
689
690
691
692
693
694
695
696
697
698
699
700
707
708
709
710
711
712
713
714
715
716
717
720
721
722
723
724
725
726
727
728
729
730
736
738
740
741
742
743
744
745
746
747
748
749
750
751
752
753
754
756
758
760
761
763
764
765
766
767
768
769
771
772
773
774
775
776
777
778
779
780
794
795
796
797
801
802
803
804
805
806
807
808
809
810
811
814
815
816
817
818
819
820
821
822
823
824
825
826
827
828
829
830
831
832
833
834
835
836
837
838
839
840
841
842
843
844
846
847
848
849
850
851
853
854
855
856
858
859
860
861
862
863
864
865
866
867
876
877
878
879
880
881
882
883
884
885
886
887
888
893
894
895
896
897
898
899
900
901
902
905
906
907
908
909
910
911
912
913
914
915
916
917
918
919
920
921
922
923
924
925
926
927
928
929
930
931
932
933
934
935
937
938
939
943
944
945
946
947
948
949
950
952
953
954
955
956
957
958
959
960
961
962
963
964
965
966
968
969
970
971
972
973
974
979
980
981
982
983
984
986
987
988
989
990
991
992
993
994
1008
1018
1036
1118
1244
1249
1250
1252
1253
1254
1255
1257
1258
1259
1260
1261
1262
1263
1264
1265
1266
1267
1268
1269
1270
1271
1272
1273
1274
1275
1276
1277
1278
1279
1281
1282
1302
1303
1305
1307
1308
1309
1311
1312
1314
1315
1316
1373
1374
1375
1376
1377
1378
1379
1380
1381
1382
1383
1384
1385
1386
1387
1388
1389
1390
1392
1393
1394
1395
1398
1399
1400
1401
1402
1405
1406
1407
1408
1409
1410
1414
1416
1430
1431
1432
1433
1434
1435
1436
1437
1438
1439
1440
1441
1442
1443
1444
1445
1448
1449
1450
1451
1452
1453
1456
1459
1461
1462
1463
1465
1467
1472
1473
1474
1475
1481
1483
1484
1485
1486
1494
1500
1503
1504
1505
1604
1629
1631
1632
1649
1655
1657
1677
1678
1707
1722
2427
2428
2433
2434
2439
2442
2445
2446
2450
2451
2456
2457
2463
2464
2469
2470
2471
2472
2474
2476
2477
2481
2482
2483
2484
2490
2496
2498
2499
2504
2505
2510
2518
2519
2520
2522
2523
2524
2526
2574
2575
2576
2577
2578
2579
2580
2581
2582
2583
2584
2585
2586
2587
2588
2589
